0 0.773514 0.797974 0.032355 0.028554
0 0.849699 0.686982 0.018435 0.031317
0 0.708616 0.800583 0.034236 0.020264
0 0.739654 0.765121 0.027088 0.020571
0 0.766554 0.729199 0.031979 0.022413
0 0.785177 0.702410 0.027088 0.021032
0 0.803800 0.674010 0.025207 0.020111
0 0.852897 0.612527 0.024078 0.021799
0 0.822047 0.647528 0.024831 0.019343
0 0.819037 0.573457 0.021821 0.014584
0 0.796840 0.605005 0.020316 0.017501
0 0.768623 0.646531 0.027088 0.019804
0 0.751881 0.668330 0.020692 0.016733
0 0.736268 0.689285 0.020316 0.015045
0 0.722912 0.708551 0.019940 0.014584
0 0.707299 0.727587 0.017306 0.014277
0 0.685854 0.751305 0.019564 0.015352
0 0.509406 0.900829 0.018811 0.013202
0 0.583898 0.806801 0.017306 0.012742
0 0.611174 0.769420 0.015425 0.011667
0 0.647103 0.723749 0.017306 0.012742
0 0.658766 0.708858 0.017306 0.012435
0 0.677013 0.681302 0.016930 0.011667
0 0.692626 0.661882 0.018811 0.015505
0 0.756584 0.575530 0.020316 0.011667
0 0.767118 0.560715 0.020316 0.013356
0 0.808879 0.496776 0.018811 0.011053
0 0.820918 0.481194 0.018811 0.013049
0 0.795335 0.441434 0.017306 0.010593
0 0.763732 0.482192 0.020316 0.010746
0 0.718962 0.548511 0.020316 0.014737
0 0.660647 0.624962 0.017306 0.011360
0 0.642965 0.650906 0.021821 0.013816
0 0.626975 0.674394 0.022950 0.013202
0 0.611362 0.697037 0.020316 0.013663
0 0.571859 0.746009 0.021068 0.013356
0 0.527276 0.799816 0.019940 0.011974
0 0.513920 0.818391 0.020316 0.013202
0 0.459180 0.892693 0.021445 0.015352
0 0.439616 0.917409 0.021445 0.014737
0 0.704101 0.489638 0.019940 0.017654
0 0.685478 0.512435 0.018811 0.018729
0 0.602709 0.621815 0.020316 0.017654
0 0.583710 0.650829 0.019940 0.018882
0 0.546840 0.696500 0.022950 0.018729
0 0.528781 0.719681 0.022197 0.018422
0 0.515237 0.740252 0.023702 0.014123
0 0.495862 0.764584 0.019564 0.017040
0 0.444319 0.832591 0.018059 0.016119
0 0.416479 0.873273 0.019564 0.015812
0 0.305117 0.940666 0.020316 0.015812
0 0.358164 0.870510 0.021068 0.016119
0 0.389391 0.829291 0.024078 0.016273
0 0.403123 0.806494 0.025207 0.017654
0 0.420805 0.783390 0.022950 0.017808
0 0.464635 0.732806 0.023326 0.015505
0 0.481189 0.711314 0.021821 0.015812
0 0.548533 0.620510 0.024831 0.016580
0 0.627728 0.510209 0.022197 0.017040
0 0.642212 0.485800 0.023326 0.017040
0 0.694507 0.422475 0.021068 0.017501
0 0.711249 0.397759 0.020692 0.017808
0 0.727803 0.372122 0.023702 0.018422
0 0.750188 0.334357 0.021068 0.018115
0 0.261663 0.917025 0.023702 0.017347
0 0.361174 0.786230 0.020316 0.013663
0 0.341234 0.812865 0.020316 0.011974
0 0.401242 0.738947 0.022197 0.015812
0 0.420429 0.715229 0.022197 0.015659
0 0.469150 0.646684 0.021821 0.015812
0 0.532167 0.570924 0.022197 0.013202
0 0.547216 0.552733 0.022197 0.013356
0 0.571106 0.520648 0.020316 0.015198
0 0.587660 0.487028 0.021821 0.014277
0 0.601204 0.467071 0.020316 0.014584
0 0.675508 0.290682 0.022197 0.011514
0 0.682844 0.276712 0.019564 0.010900
0 0.648232 0.327525 0.017306 0.013970
0 0.634500 0.350246 0.022950 0.016733
0 0.577690 0.428846 0.023702 0.013356
0 0.521821 0.504529 0.025583 0.018268
0 0.493040 0.542140 0.025207 0.014584
0 0.474229 0.569619 0.025207 0.014584
0 0.427577 0.614753 0.021445 0.017654
0 0.410835 0.645226 0.022573 0.014737
0 0.390143 0.673396 0.023326 0.013356
0 0.379421 0.689515 0.021445 0.013049
0 0.368322 0.704022 0.018811 0.011360
0 0.356283 0.718069 0.021821 0.011514
0 0.317720 0.761437 0.017682 0.010439
0 0.296840 0.791910 0.019564 0.011207
0 0.253010 0.850783 0.019940 0.017808
0 0.240971 0.867593 0.020692 0.011207
0 0.188488 0.858152 0.021068 0.014737
0 0.201279 0.840421 0.015801 0.012435
0 0.229308 0.804882 0.019187 0.015045
0 0.241535 0.786844 0.019564 0.014584
0 0.269564 0.748925 0.021445 0.015198
0 0.300038 0.713924 0.025207 0.016426
0 0.362867 0.632561 0.023702 0.015812
0 0.383371 0.604621 0.020316 0.017347
0 0.427577 0.552886 0.020692 0.013356
0 0.449586 0.519343 0.017306 0.011974
0 0.463883 0.498695 0.017306 0.012742
0 0.474605 0.480887 0.018435 0.015812
0 0.503010 0.446193 0.017306 0.013970
0 0.527088 0.412957 0.020316 0.015966
0 0.602333 0.302809 0.021068 0.017961
0 0.646351 0.252687 0.022573 0.009825
0 0.658578 0.235800 0.022197 0.015966
0 0.548909 0.287151 0.028593 0.021646
0 0.263356 0.682837 0.021821 0.017808
0 0.223853 0.730043 0.021068 0.020725
0 0.198834 0.765428 0.022197 0.017194
0 0.184349 0.787304 0.022573 0.018268
0 0.121708 0.785002 0.021445 0.015812
0 0.135440 0.767578 0.026336 0.011053
0 0.151618 0.744473 0.020316 0.015505
0 0.592551 0.161729 0.020316 0.013356
0 0.576185 0.184219 0.018435 0.013202
0 0.695636 0.829828 0.031603 0.015812
0 0.586531 0.892616 0.030098 0.015198
0 0.602897 0.869358 0.031226 0.015659
0 0.632619 0.832745 0.033484 0.017347
0 0.648984 0.808720 0.030098 0.015966
0 0.665162 0.785309 0.031603 0.015505
0 0.782543 0.626804 0.023326 0.013509
0 0.747178 0.598403 0.021068 0.015659
0 0.732129 0.620586 0.021821 0.016733
0 0.633935 0.747774 0.024831 0.016273
0 0.563582 0.835124 0.026336 0.015966
0 0.540256 0.865597 0.024831 0.014584
0 0.524643 0.884480 0.025959 0.013970
0 0.479872 0.871508 0.023702 0.015659
0 0.600263 0.788379 0.023702 0.013049
0 0.712566 0.642002 0.023326 0.013509
0 0.783108 0.539684 0.021445 0.013356
0 0.792701 0.521108 0.022573 0.013356
0 0.783108 0.461928 0.021445 0.012588
0 0.736080 0.525867 0.022950 0.013663
0 0.751317 0.502840 0.021821 0.012435
0 0.702596 0.574992 0.019940 0.013049
0 0.685102 0.595180 0.021821 0.013202
0 0.594620 0.719988 0.022950 0.013816
0 0.547028 0.778861 0.024831 0.016733
0 0.351392 0.952717 0.023326 0.014737
0 0.372837 0.926696 0.026336 0.014584
0 0.394470 0.901290 0.025959 0.013509
0 0.431904 0.853700 0.023326 0.013202
0 0.463130 0.809718 0.024831 0.015812
0 0.481377 0.788149 0.025207 0.014123
0 0.566968 0.675084 0.026336 0.013663
0 0.625094 0.598403 0.024454 0.014737
0 0.638826 0.578139 0.024831 0.014123
0 0.651430 0.557722 0.027464 0.013509
0 0.669488 0.537074 0.025207 0.013356
0 0.323740 0.919865 0.022197 0.015352
0 0.335779 0.900522 0.022197 0.014123
0 0.373589 0.850399 0.021068 0.014891
0 0.437735 0.762128 0.021445 0.014277
0 0.498683 0.691050 0.019940 0.013356
0 0.512603 0.671400 0.019940 0.014277
0 0.530474 0.644842 0.018059 0.013049
0 0.564146 0.598941 0.017682 0.013356
0 0.577690 0.580365 0.016930 0.013049
0 0.593115 0.561022 0.016930 0.013049
0 0.609669 0.537688 0.016930 0.013049
0 0.658202 0.463387 0.016930 0.013049
0 0.676637 0.444044 0.016930 0.013049
0 0.767682 0.312251 0.019940 0.014123
0 0.781415 0.223135 0.020316 0.013049
0 0.766178 0.245395 0.016930 0.013049
0 0.751881 0.264277 0.016930 0.013049
0 0.736832 0.283466 0.016930 0.013049
0 0.722536 0.300046 0.016930 0.013049
0 0.709368 0.319543 0.016930 0.013049
0 0.695448 0.340881 0.016930 0.013049
0 0.683409 0.360071 0.016930 0.013049
0 0.667607 0.380949 0.016930 0.013049
0 0.654063 0.400138 0.016930 0.013049
0 0.639014 0.420556 0.016930 0.013049
0 0.625470 0.440513 0.016930 0.013049
0 0.515801 0.591649 0.020316 0.011974
0 0.500564 0.611222 0.019940 0.013049
0 0.483634 0.628262 0.019940 0.013049
0 0.455418 0.668176 0.019940 0.013049
0 0.438488 0.689975 0.019940 0.013049
0 0.377916 0.766273 0.019940 0.013049
0 0.329007 0.834587 0.019940 0.013049
0 0.314710 0.854084 0.019940 0.013049
0 0.297028 0.875576 0.019940 0.013049
0 0.279722 0.895533 0.019940 0.013049
0 0.248495 0.933528 0.016930 0.011360
0 0.237961 0.948265 0.019187 0.011667
0 0.229308 0.885784 0.016930 0.011360
0 0.215011 0.903132 0.016930 0.011360
0 0.268059 0.828830 0.016930 0.011360
0 0.281226 0.810869 0.016930 0.011360
0 0.310196 0.775407 0.016930 0.011360
0 0.332769 0.745318 0.016930 0.011360
0 0.535929 0.481732 0.016930 0.011360
0 0.548721 0.464691 0.016930 0.011360
0 0.564146 0.448112 0.016930 0.011360
0 0.593115 0.410040 0.016930 0.011360
0 0.606283 0.392539 0.016930 0.011360
0 0.619451 0.374885 0.016930 0.011360
0 0.663093 0.309180 0.016930 0.011360
0 0.699586 0.258674 0.016930 0.011360
0 0.714259 0.240559 0.016930 0.011360
0 0.726298 0.222751 0.016930 0.011360
0 0.737208 0.205711 0.016930 0.011360
0 0.749248 0.187749 0.016930 0.011360
0 0.758653 0.170402 0.016930 0.011360
0 0.772950 0.153208 0.016930 0.011360
0 0.721783 0.130949 0.016930 0.011360
0 0.669112 0.215536 0.016930 0.011360
0 0.680023 0.198496 0.016930 0.011360
0 0.685666 0.181148 0.016930 0.011360
0 0.695071 0.163648 0.016930 0.011360
0 0.707111 0.148449 0.016930 0.011360
0 0.561889 0.263279 0.016930 0.011360
0 0.576938 0.245625 0.016930 0.011360
0 0.588224 0.227971 0.016930 0.011360
0 0.604026 0.211237 0.016930 0.011360
0 0.618698 0.192815 0.016930 0.011360
0 0.630737 0.174087 0.016930 0.011360
0 0.645034 0.157200 0.016930 0.011360
0 0.655568 0.140313 0.016930 0.011360
0 0.607788 0.142155 0.016930 0.011360
0 0.563394 0.205097 0.016930 0.011360
0 0.552483 0.223365 0.016930 0.011360
0 0.515237 0.262972 0.016930 0.011360
0 0.533672 0.243783 0.016930 0.011360
0 0.501693 0.282315 0.016930 0.011360
0 0.518435 0.319466 0.024831 0.015352
0 0.584462 0.330135 0.019940 0.014584
0 0.564522 0.351704 0.016930 0.011360
0 0.553612 0.368437 0.016930 0.011360
0 0.535929 0.388548 0.016930 0.011360
0 0.488901 0.463617 0.016930 0.011360
0 0.439992 0.536690 0.016930 0.011360
0 0.410647 0.574609 0.016930 0.011360
0 0.342175 0.657046 0.021445 0.014737
0 0.326185 0.677003 0.021821 0.011974
0 0.313017 0.693813 0.021821 0.010593
0 0.243416 0.708474 0.018059 0.010439
0 0.166855 0.723749 0.019187 0.012435
0 0.624906 0.274870 0.019564 0.012742
0 0.532355 0.147682 0.019564 0.014123
0 0.547404 0.127955 0.016554 0.014584
0 0.562641 0.109764 0.016930 0.011974
0 0.715388 0.471523 0.019187 0.010286
0 0.724041 0.456402 0.018435 0.011974
0 0.735515 0.441664 0.016554 0.011667
